     0
Darcy problem 1 multiplier-  Convergencia : Q1Q1-p1  - refinamento h : nface =4
         1         0         0         2      6561         1         1         1     12960         2
         1         4       0.0       0.0
                        1000.0       0.0
                        1000.0    1000.0
                           0.0    1000.0
        80         1        80        81
         0
         1        80         1         0         1
        81     12800       161         0         1
     12881     12960         1         0         1
       161     12880       161         0         1
   
        13         0      0.00
    
         1      6400         2         9         4         4         4         2         3         4
         1   1.0d+03   0.0d+00   1.0d-08   0.0d-00   -1.d+00   0.5d+00   0.5d+00  -0.5d+00   1.0d+00
         2   1.0d+01   0.0d+00   1.0d-08   0.0d-00   -1.d+00   0.5d+00   0.5d+00  -0.5d+00   1.0d+00
       0.0       0.0       0.0       0.0
         1         1         1         2        83        82         1
        80         1         1        80        80        81
      1641         2      1661      1662      1743      1742         1
        27         1         1        27      1668        81 
        
         1         1        82       162        81         1
        80         1         1        80        80       161

    1  0 
*end
