     0
Darcy problem 1 multiplier-  Convergencia : Q1Q1-p1  - refinamento h : nface =4
         1         0         0         2       289         1         1         1       544         2
         1         4       0.0       0.0
                           2.0       0.0
                           2.0       2.0
                           0.0       2.0
        16         1        16        17
         0
         1        16         1         0         1
        17       512        33         0         1
       529       544         1         0         1
        33       528        33         0         1
   
        13         0      0.00
    
         1       256         1         9         4         4         4         2         3         4
         1   1.0d+00   0.0d+00   1.0d-08   0.0d-00   -1.d+00   0.5d+00   0.5d+00  -0.5d+00   1.0d+00
       0.0       0.0       0.0       0.0
         1         1         1         2        19        18         1
        16         1         1        16        16        17

         1         1        18        34        17         1
        16         1         1        16        16        33

    1  0 
*end
