     0
Darcy problem 1 multiplier-  Convergencia : Q1Q1-p1  - refinamento h : nface =4
         1         0         0         2        36         1         1         1        60         2
         1         4       0.0       0.0
                           2.0       0.0
                           2.0       2.0
                           0.0       2.0
         5         1         5         6
         0
         1         5         1         0         1
         6        50        11         0         1
        56        60         1         0         1
        11        55        11         0         1
   
        13         0      0.00
    
         1        25         1         9         4         4         4         2         3         4
         1   1.0d+00   0.0d+00   1.0d-08   0.0d-00   -1.d+00   0.5d+00   0.5d+00  -0.5d+00   1.0d+00
       0.0       0.0       0.0       0.0
         1         1         1         2         8         7         1
         5         1         1         5         5         6

         1         1         7        12         6         1
         5         1         1         5         5        11

    1  0 
*end
