     0
Darcy problem 1 multiplier-  Convergencia : Q1Q1-p1  - refinamento h : nface =4
         1         0         0         2      1681         1         1         1      3280         2
         1         4       0.0       0.0
                        1000.0       0.0
                        1000.0    1000.0
                           0.0    1000.0
        40         1        40        41
         0
         1        40        81         0         1
        41      3200        81         0         1
      3241      3280         1         0         1
        81      3240        81         0         1
   
        13         0      0.00
    
         1      1600         1         9         4         4         4         2         3         4
         1   1.0d+00   0.0d+00   1.0d-08   0.0d-00   -1.d+00   0.5d+00   0.5d+00  -0.5d+00   1.0d+00
       0.0       0.0       0.0       0.0
         1         1         1         2        43        42         1
        40         1         1        40        40        41

         1         1        42        82        41         1
        40         1         1        40        40        81

    1  0 
*end
