     0
Darcy problem 1 multiplier-  Convergencia : Q1Q1-p1  - refinamento h : nface =4
         1         0         0         2       121         1         1         1       220         2
         1         4       0.0       0.0
                           2.0       0.0
                           2.0       2.0
                           0.0       2.0
        10         1        10        11
         0
         1        10         1         0         1
        11       200        21         0         1
       221       220         1         0         1
        21       210        21         0         1
   
        13         0      0.00
    
         1       100         1         9         4         4         4         2         3         4
         1   1.0d+00   0.0d+00   1.0d-08   0.0d-00   -1.d+00   0.5d+00   0.5d+00  -0.5d+00   1.0d+00
       0.0       0.0       0.0       0.0
         1         1         1         2        13        12         1
        10         1         1        10        10        11

         1         1        12        22        11         1
        10         1         1        10        10        21

    1  0 
*end
