     0 
Darcy problem 1 multiplier-  Convergencia : Q1Q1-p1  - refinamento h : nface =4
         1         0         0         2      4225         1         1         1      8320         2
         1         4       0.0       0.0
                           2.0       0.0
                           2.0       2.0
                           0.0       2.0
        64         1        64        65
         0
         1        64         1         0         1
        65      8192       129         0         1
      8257      8320         1         0         1
       129      8256       129         0         1
         0
        13         0      0.00
         0
         1      4096         1         9         4         4         4         2         3         4          
         1   1.0d+00   0.0d+00   1.0d-08   0.0d-00   -1.d+00   0.5d+00   0.5d+00  -0.5d+00   1.0d+00
       0.0       0.0       0.0       0.0
         1         1         1         2        67        66         1
        64         1         1        64        64        65

         1         1        66       130        65         1
        64         1         1        64        64       129

    1  0
*end
