     0
Darcy problem 1 multiplier-  Convergencia : Q1Q1-p1  - refinamento h : nface =4
         1         0         0         2        25         1         1         1        40         2
         1         4       0.0       0.0
                           2.0       0.0
                           2.0       2.0
                           0.0       2.0
         4         1         4         5
         0
         1         4         1         0         1
         5        32         9         0         1
        37        40         1         0         1
         9        36         9         0         1
   
        13         0      0.00
    
         1        16         1         9         4         4         4         2         3         4
         1   1.0d+00   0.0d+00   1.0d-08   0.0d-00   -1.d+00   0.5d+00   0.5d+00  -0.5d+00   1.0d+00
       0.0       0.0       0.0       0.0
         1         1         1         2         7         6         1
         4         1         1         4         4         5

         1         1         6        10         5         1
         4         1         1         4         4         9

    1  0 
*end
