     0
Darcy problem 1 multiplier-  Convergencia : Q1Q1-p1  - refinamento h : nface =4
         1         0         0         2      6561         1         1         1     12960         2
         1         4       0.0       0.0
                           2.0       0.0
                           2.0       2.0
                           0.0       2.0
        80         1        80        81
         0
         1        80         1         0         1
        81     12800       161         0         1
     12881     12960         1         0         1
       161     12880       161         0         1
   
        13         0      0.00
    
         1      6400         1         9         4         4         4         2         3         4
         1   1.0d+00   0.0d+00   1.0d-08   0.0d-00   -1.d+00   0.5d+00   0.5d+00  -0.5d+00   1.0d+00
       0.0       0.0       0.0       0.0
         1         1         1         2        83        82         1
        80         1         1        80        80        81

         1         1        82       162        81         1
        80         1         1        80        80       161

    1  0 
*end
Darcy problem 1 multiplier-  Convergencia : Q1Q1-p1  - refinamento h : nface =4
         1         0         0         2        81         1         1         1       144         2
         1         4       0.0       0.0
                           2.0       0.0
                           2.0       2.0
                           0.0       2.0
         8         1         8         9
         0
         1         8         1         1         0
         9       128        17         1         0
       137       144         1         1         0
        17       136        17         1         0
   
        13         0      0.00

         1        64         1         9         4         4         4         2         3         4
         1   1.0d+00   0.0d+00   1.0d-08   0.0d-00   -1.d+00   0.5d+00   0.5d+00  -0.5d+00   1.0d+00
       0.0       0.0       0.0       0.0
         1         1         1         2        11        10         1
         8         1         1         8         8         9
 
         1         1        10        18         9         1
         8         1         1         8         8        17

    1  0 
Darcy problem 1 multiplier-  Convergencia : Q1Q1-p1  - refinamento h : nface =4
         1         0         0         2       289         1         1         1       544         2
         1         4       0.0       0.0
                           2.0       0.0
                           2.0       2.0
                           0.0       2.0
        16         1        16        17
         0
         1        16         1         1         0
        17       512        33         1         0
       529       544         1         1         0
        33       528        33         1         0
   
        13         0           0.00

         1       256         1         9         4         4         4         2         3         4
         1   1.0d+00   0.0d+00   1.0d-08   0.0d-00   -1.d+00   0.5d+00   0.5d+00  -0.5d+00   1.0d+00
       0.0       0.0       0.0       0.0
         1         1         1         2        19        18         1
        16         1         1        16        16        17

         1         1        18        34        17         1
        16         1         1        16        16        33

    1  0 
Darcy problem 1 multiplier-  Convergencia : Q1Q1-p1  - refinamento h : nface =4
         1         0         0         2      1089         1         1         1      2112         2
         1         4       0.0       0.0
                           2.0       0.0
                           2.0       2.0
                           0.0       2.0
        32         1        32        33
         0
         1        32         1         1         0
        33      2048        65         1         0
      2081      2112         1         1         0
        65      2080        65         1         0
   
        13         0      0.00
  
         1      1024         1         9         4         4         4         2         3         4
         1   1.0d+00   0.0d+00   1.0d-08   0.0d-00   -1.d+00   0.5d+00   0.5d+00  -0.5d+00   1.0d+00
       0.0       0.0       0.0       0.0
         1         1         1         2        35        34         1
        32         1         1        32        32        33
 
         1         1        34        66        33         1
        32         1         1        32        32        65

    1  0 
Darcy problem 1 multiplier-  Convergencia : Q1Q1-p1  - refinamento h : nface =4
         1         0         0         2      4225         1         1         1      8320         2
         1         4       0.0       0.0
                           2.0       0.0
                           2.0       2.0
                           0.0       2.0
        64         1        64        65
         0
         1        64         1         1         0
        65      8192       129         1         0
      8257      8320         1         1         0
       129      8256       129         1         0
         0
        13         0      0.00
         0
         1      4096         1         9         4         4         4         2         3         4          
         1   1.0d+00   0.0d+00   1.0d-08   0.0d-00   -1.d+00   0.5d+00   0.5d+00  -0.5d+00   1.0d+00
       0.0       0.0       0.0       0.0
         1         1         1         2        67        66         1
        64         1         1        64        64        65

         1         1        66       130        65         1
        64         1         1        64        64       129

    1  0

