     0
Darcy problem 1 multiplier-  Convergencia : Q1Q1-p1  - refinamento h : nface =4
         1         0         0         2        64         1         1         1       112         2
         1         4       0.0       0.0
                           2.0       0.0
                           2.0       2.0
                           0.0       2.0
         7         1         7         8
         0
         1         7         1         0         1
         8        98        15         0         1
       106       112         1         0         1
        15       105        15         0         1
   
        13         0      0.00
    
         1        49         1         9         4         4         4         2         3         4
         1   1.0d+00   0.0d+00   1.0d-08   0.0d-00   -1.d+00   0.5d+00   0.5d+00  -0.5d+00   1.0d+00
       0.0       0.0       0.0       0.0
         1         1         1         2        10         9         1
         7         1         1         7         7         8

         1         1         9        16         8         1
         7         1         1         7         7        15

    1  0 
*end
