     0
Darcy problem 1 multiplier-  Convergencia : Q1Q1-p1  - refinamento h : nface =4
         1         0         0         2        81         1         1         1       144         2
         1         4       0.0       0.0
                           2.0       0.0
                           2.0       2.0
                           0.0       2.0
         8         1         8         9
         0
         1         8         1         0         1
         9       128        17         0         1
       137       144         1         0         1
        17       136        17         0         1
   
        13         0      0.00
    
         1        64         1         9         4         4         4         2         3         4
         1   1.0d+00   0.0d+00   1.0d-08   0.0d-00   -1.d+00   0.5d+00   0.5d+00  -0.5d+00   1.0d+00
       0.0       0.0       0.0       0.0
         1         1         1         2        11        10         1
         8         1         1         8         8         9

         1         1        10        18         9         1
         8         1         1         8         8        17

    1  0 
*end
