     0
Darcy problem 1 multiplier-  Convergencia : Q1Q1-p1  - refinamento h : nface =4
         1         0         0         2      1089         1         1         1      2112         2
         1         4       0.0       0.0
                           2.0       0.0
                           2.0       2.0
                           0.0       2.0
        32         1        32        33
         0
         1        32         1         0         1
        33      2048        65         0         1
      2081      2112         1         0         1
        65      2080        65         0         1
   
        13         0      0.00
    
         1      1024         1         9         4         4         4         2         3         4
         1   1.0d+00   0.0d+00   1.0d-08   0.0d-00   -1.d+00   0.5d+00   0.5d+00  -0.5d+00   1.0d+00
       0.0       0.0       0.0       0.0
         1         1         1         2        35        34         1
        32         1         1        32        32        33

         1         1        34        66        33         1
        32         1         1        32        32        65

    1  0 
*end
