     0
Darcy problem 1 multiplier-  Convergencia : Q1Q1-p1  - refinamento h : nface =4
         1         0         0         2        16         1         1         1        24         2
         1         4       0.0       0.0
                           2.0       0.0
                           2.0       2.0
                           0.0       2.0
         3         1         3         4
         0
         1         3         1         0         1
         4        18         7         0         1
        22        24         1         0         1
         7        21         7         0         1
   
        13         0      0.00
    
         1         9         1         9         4         4         4         2         3         4
         1   1.0d+00   0.0d+00   1.0d-08   0.0d-00   -1.d+00   0.5d+00   0.5d+00  -0.5d+00   1.0d+00
       0.0       0.0       0.0       0.0
         1         1         1         2         6         5         1
         3         1         1         3         3         4

         1         1         6        10         5         1
         3         1         1         3         3         7

    1  0 
*end
