  0
Darcy flow - Five Spot: SDHM Q1Q1-2 (80x80)
         1         0         0         2      6561         1         1         0         1         1     12960         2       801        
         1         4       0.0       0.0
                        1000.0       0.0
                        1000.0    1000.0
                           0.0    1000.0
        80         1        80        81
    0
         1         2       0.0       0.0
                        1000.0    1000.0
       800         1    
         0
         1        80         1         0         1    
        81     12800       161         0         1    
       161     12880       161         0         1
     12881     12960         1         0         1  

         1         0         0         1   
         0
         1         0         0         1

         1         0        1.

         1         0        1. 

         1      6400         2         4         4         4         4         2         4         2       800     
         1   0.5d+00    0.d+00   0.5d+00    0.d+00  -0.5d+00    0.d+00    1.d+00    1.d+03    0.d+00    1.d-08    0.d+00   -0.d+00        
         2   0.5d+00    0.d+00   0.5d+00    0.d+00  -0.5d+00    0.d+00    1.d+00    1.d+03    0.d+00    1.d-08    0.d+00   -0.d+00        
      0.10     1000.       1.0       1.0      0.00       1.0       0.0      200.      
      0.10       10.       1.0       1.0      0.00       1.0       0.0      200.      
       0.0   0.0d+00     200.0
      1000      1001         3        10         1       100       1.0       1.0       2.5       0.0         1
         1         1         1         2        83        82         1
        80         1         1        80        80        81
      1281         2      1297      1298      1379      1378         1
        80         1         1         8        80        81
      4481         2      4537      4538      4619      4618         1
        80         1         1         8        80        81

         1         1        82       162        81         1
        80         1         1        80        80       161

         1         1         1         2         1
       800         1         1

*end
Darcy flow - Five Spot: SDHM Q1Q1-2 (80x80)
         1         0         0         2      6561         1         1         0         1         1     12960         2       801        
         1         4       0.0       0.0
                        1000.0       0.0
                        1000.0    1000.0
                           0.0    1000.0
        80         1        80        81
    0
         1         2       0.0       0.0
                        1000.0    1000.0
       800         1    
         0
         1        80         1         0         1    
        81     12800       161         1         0    
       161     12880       161         1         0
     12881     12960         1         0         1  

         1         0         0         1   
         0
         1         0         0         1

         1         0        1.

         1         0        1. 

         1      6400         2         4         4         4         4         2         4         2       800     
         1   0.5d+00    0.d+00   0.5d+00    0.d+00  -0.5d+00    0.d+00    1.d+00    1.d+03    0.d+00    1.d-08    0.d+00   -0.d+00        
         2   0.5d+00    0.d+00   0.5d+00    0.d+00  -0.5d+00    0.d+00    1.d+00    1.d+03    0.d+00    1.d-08    0.d+00   -0.d+00        
      0.10     1000.       1.0       1.0      0.00       1.0       0.0      200.      
      0.10     1000.       1.0       1.0      0.00       1.0       0.0      200.      
       0.0   0.0d+00      50.0
       400       401       400        50         1        50       1.0       1.0       5.0       0.0         1
         1         1         1         2        83        82         1
        80         1         1        80        80        81
      1841         2      1864      1865      1946      1945         1
        80         1         1        80        80        81

         1         1        82       162        81         1
        80         1         1        80        80       161

         1         1         1         2         1
       800         1         1

*end
Darcy flow - Five Spot: SDHM Q1Q1-2 (40x40)
         1         0         0         2      1681         1         1         0         1         1      3280         2       401        
         1         4       0.0       0.0
                        1000.0       0.0
                        1000.0    1000.0
                           0.0    1000.0
        40         1        40        41
    0
         1         2       0.0       0.0
                        1000.0    1000.0
       400         1    
         0
         1        40         1         0         1    
        41      3200        81         0         1    
        81      3240        81         0         1
      3241      3280         1         0         1  

         1         0         0         1   
         0
         1         0         0         1

         1         0        1.

         1         0        1. 

         1      1600         1         4         4         4         4         2         4         2       400     
         1   0.5d+00    0.d+00   0.5d+00    0.d+00  -0.5d+00    0.d+00    1.d+00    1.d+03    0.d+00    1.d-08    0.d+00   -0.d+00        
      0.10     1000.       1.0      20.0      0.00       1.0       0.0      200.      
       0.0   0.0d+00      50.0
       400         1       400        50         1        50       1.0       1.0       5.0       0.0         1
         1         1         1         2        43        42         1
        40         1         1        40        40        41

         1         1        42        82        41         1
        40         1         1        40        40        81

         1         1         1         2         1
       400         1         1

*end
Darcy flow - Five Spot: SDHM Q1Q1-2 (40x40)
         1         0         0         2      1681         1         1         0         1         1      3280         2       401        
         1         4       0.0       0.0
                        1000.0       0.0
                        1000.0    1000.0
                           0.0    1000.0
        40         1        40        41
    0
         1         2       0.0       0.0
                        1000.0    1000.0
       400         1    
         0
         1        40         1         0         1    
        41      3200        81         0         1    
        81      3240        81         0         1
      3241      3280         1         0         1  

         1         0         0         1   
         0
         1         0         0         1

         1         0        1.

         1         0        1. 

         1      1600         1         4         4         4         4         2         4         2       400     
         1   0.5d+00    0.d+00   0.5d+00    0.d+00  -0.5d+00    0.d+00    1.d+00    1.d+02    0.d+00    1.d-08    0.d+00   -0.d+00        
      0.10      100.       1.0       1.0      0.00      10.0       1.0      200.      
       0.0   0.0d+00      50.0
       400       401         3        50         1        50       1.0       1.0       5.0       0.0         1
         1         1         1         2        43        42         1
        40         1         1        40        40        41

         1         1        42        82        41         1
        40         1         1        40        40        81

         1         1         1         2         1
       400         1         1

*end

Darcy flow - Five Spot: SDHM Q1Q1-2 (80x80)
         1         0         0         2      6561         1         1         0         1         1     12960         2       801        
         1         4       0.0       0.0
                        1000.0       0.0
                        1000.0    1000.0
                           0.0    1000.0
        80         1        80        81
    0
         1         2       0.0       0.0
                        1000.0    1000.0
       800         1    
         0
         1        80         1         0         1    
        81     12800       161         0         1    
       161     12880       161         0         1
     12881     12960         1         0         1  

         1         0         0         1   
         0
         1         0         0         1

         1         0        1.

         1         0        1. 

         1      6400         1         4         4         4         4         2         4         2       800     
         1   0.5d+00    0.d+00   0.5d+00    0.d+00  -0.5d+00    0.d+00    1.d+00    1.d+02    0.d+00    1.d-08    0.d+00   -0.d+00        
      0.10      100.       1.0       1.0      0.00       2.0       0.0      200.      
       0.0   0.0d+00      50.0
      2000      2001      2000       200         1       500       1.0       1.0       2.5       0.0         5
         1         1         1         2        83        82         1
        80         1         1        80        80        81

         1         1        82       162        81         1
        80         1         1        80        80       161

         1         1         1         2         1
       800         1         1

*end
